Max probability (adjusted result):
 - P_max: 0.03149813252425218
 - r_max: [14.19439309]